1143.8568115234375 520.796630859375 1219.6187744140625 641.8865966796875 0.8467428088188171 0.0
247.72467041015625 447.13275146484375 308.84130859375 553.6210327148438 0.8009904026985168 0.0
544.381591796875 287.66644287109375 583.72900390625 368.36883544921875 0.7874447703361511 0.0
579.8574829101562 373.8399658203125 634.5990600585938 462.722900390625 0.7657197117805481 0.0
274.5660705566406 255.43350219726562 311.1970520019531 336.0582580566406 0.7505790591239929 0.0
755.39404296875 271.42425537109375 786.658935546875 345.20574951171875 0.7341462969779968 0.0
529.4188232421875 209.4798583984375 558.3795166015625 278.62890625 0.7172441482543945 0.0
892.0040283203125 391.27899169921875 929.5015869140625 488.6226806640625 0.6916422843933105 0.0
220.29571533203125 308.2927551269531 266.1730041503906 364.4291076660156 0.6795161366462708 0.0
612.8302001953125 476.40118408203125 654.2728271484375 585.2472534179688 0.6713019609451294 0.0
806.7691650390625 259.06475830078125 840.8409423828125 326.12530517578125 0.6462007164955139 0.0
913.4246826171875 245.14776611328125 946.2423095703125 310.964111328125 0.6377939581871033 0.0
251.06842041015625 352.48406982421875 300.95831298828125 430.43695068359375 0.5722506642341614 0.0
912.7938232421875 185.99462890625 934.55126953125 235.35467529296875 0.419822096824646 0.0
252.24493408203125 352.0433349609375 291.261962890625 420.1146240234375 0.3263786733150482 0.0
1151.543701171875 154.17172241210938 1182.112060546875 211.88665771484375 0.2538779377937317 0.0
