1141 529 1217 650 0.8467428088188171 0.0
224 421 285 527 0.8009904026985168 0.0
558 309 597 390 0.7874447703361511 0.0
585 389 640 478 0.7657197117805481 0.0
272 275 309 356 0.7505790591239929 0.0
753 258 784 332 0.7341462969779968 0.0
527 205 556 274 0.7172441482543945 0.0
868 413 905 510 0.6916422843933105 0.0
207 321 253 377 0.6795161366462708 0.0
612 492 654 601 0.6713019609451294 0.0
801 240 835 307 0.6462007164955139 0.0
905 266 938 331 0.6377939581871033 0.0
238 341 287 419 0.5722506642341614 0.0
929 172 951 222 0.419822096824646 0.0
261 369 300 437 0.3263786733150482 0.0
1128 138 1159 195 0.2538779377937317 0.0
